1745424696445 0.003810795346090671 0
1745424779541 0.0032734158789411577 1
1745424862236 0.0032314170151298317 2
1745424943564 0.0031841700917410783 3
1745425025583 0.003146674394880565 4
1745425107732 0.0031102212088197473 5
1745425190209 0.003077046608599772 6
1745425272181 0.00304667292038923 7
1745425354623 0.0030196480339512023 8
1745425437578 0.0029946174633153477 9
1745425520672 0.0029736470667853293 10
1745425603518 0.0029547074784681 11
1745425686895 0.002934121488302872 12
1745425770432 0.0029191364373823197 13
1745425853957 0.0029017696700566475 14
1745425936593 0.0028877521629341036 15
1745426020562 0.0028723564291447184 16
1745426104228 0.0028616028611801276 17
1745426187615 0.002851687148363619 18
1745426279612 0.0028412372506753927 19
