1744972098326 0.0031709434199548732 0
1744972113705 0.0011636083061989121 1
1744972129271 0.0010128076247139263 2
1744972144525 0.0010044704099671778 3
1744972159862 0.0009721382743722876 4
1744972175259 0.0009678394021147747 5
1744972190631 0.0009604870236592204 6
1744972206123 0.0009187979889187919 7
1744972221474 0.0008911257578312011 8
1744972236959 0.0008736555063004833 9
1744972252016 0.000895376558169897 10
1744972267303 0.0008889911406477013 11
1744972282167 0.0008895450745342467 12
1744972297443 0.0008548555762605507 13
1744972313144 0.0008498478736978458 14
1744972330035 0.0008605758120687182 15
1744972345633 0.000841345144812583 16
1744972361235 0.0008533350452180144 17
1744972376453 0.0008517256280757663 18
1744972392327 0.0008512002428794119 19
