1745253237668 0.003934272628337988 0
1745253331490 0.0032780085839576017 1
1745253422973 0.0032369431340416345 2
1745253515684 0.0032043819146779224 3
1745253609194 0.003171903045321489 4
1745253703349 0.0031382770021573213 5
1745253796276 0.0031047535069626563 6
1745253892010 0.003075234946382201 7
1745253983859 0.0030446264230197034 8
1745254072494 0.0030228370442126735 9
1745254162142 0.002997401432067612 10
1745254251690 0.0029775459365428314 11
1745254342647 0.002962638854403316 12
1745254435299 0.002948997510929159 13
1745254529341 0.002934877416090589 14
1745254621857 0.0029200287133146056 15
1745254714438 0.002911008137603447 16
1745254806822 0.002898879329402818 17
1745254900713 0.0028866757199588855 18
1745254992323 0.0028767006196987526 19
