1745428315251 0.0037389079990976432 0
1745428397240 0.003262147810482242 1
1745428479814 0.0032272337920841686 2
1745428562123 0.003194440406086258 3
1745428644318 0.0031599459492621684 4
1745428726628 0.0031208939315704115 5
1745428809975 0.0030824383240928674 6
1745428894075 0.0030485524815586137 7
1745428978381 0.0030162917489048 8
1745429060637 0.0029885769798724975 9
1745429143162 0.002960753536464477 10
1745429226576 0.0029381461884288424 11
1745429309858 0.002917279526659911 12
1745429393031 0.002897504445421619 13
1745429476952 0.002879746010878109 14
1745429560228 0.0028610980670738745 15
1745429644223 0.0028520530311476637 16
1745429727058 0.00283917114706115 17
1745429808977 0.0028293166991052816 18
1745429891624 0.0028160855466219333 19
