1745255374677 0.003974721147122223 0
1745255468405 0.003272206107566504 1
1745255561351 0.0032248220114406705 2
1745255650220 0.003189503486603229 3
1745255738983 0.0031530209549058123 4
1745255829263 0.0031176990238740514 5
1745255917429 0.0030868699803630667 6
1745256007307 0.0030586753161152085 7
1745256097325 0.0030341282550113745 8
1745256186732 0.003006846761316412 9
1745256282177 0.0029856402386708816 10
1745256374777 0.0029676384286924005 11
1745256467647 0.002953900975239317 12
1745256560633 0.002941698797187789 13
1745256653119 0.0029274882904219476 14
1745256745947 0.0029151688677391398 15
1745256838638 0.002905755193329019 16
1745256934516 0.002896507390139907 17
1745257027515 0.0028889326465619068 18
1745257120792 0.002878476809237683 19
