1745249135411 0.0037784384062208988 0
1745249240001 0.0032658519651524312 1
1745249331536 0.0032290427707459563 2
1745249420631 0.0031890338177336234 3
1745249525204 0.003149586716042466 4
1745249623895 0.0031090698052602494 5
1745249728034 0.003066518864209119 6
1745249836530 0.003031010427181599 7
1745249938300 0.0029920063378981593 8
1745250038217 0.0029631221673911408 9
1745250139494 0.0029371056335041447 10
1745250244089 0.0029141941853884925 11
1745250351537 0.0028945196214833846 12
1745250461956 0.0028744991575958626 13
1745250546541 0.0028568452587768777 14
1745250640278 0.002842109022132918 15
1745250739833 0.0028299869578882956 16
1745250843660 0.002815765797457009 17
1745250948281 0.0028038974105235328 18
1745251051297 0.0027909936156923776 19
